0.000000	1.000000
0.502660	2.000000
0.913400	3.000000
0.921720	4.000000
1.324130	5.000000
1.332450	6.000000
1.340770	7.000000
1.349090	8.000000
1.734870	9.000000
1.743190	10.000000
1.751510	11.000000
1.759830	12.000000
1.768150	13.000000
1.776470	14.000000
1.784790	15.000000
1.793110	16.000000
2.145610	17.000000
2.153930	18.000000
2.162250	19.000000
2.170570	20.000000
2.178890	20.050000
2.187210	20.100000
2.195530	20.150000
2.203850	20.199000
2.212170	20.249000
2.220490	20.298000
2.228810	20.347000
2.237130	20.397000
2.245450	20.446000
2.253770	20.494000
2.262090	20.543000
2.270410	20.592000
2.556350	20.641000
2.564670	20.689000
2.572990	20.737000
2.581310	20.786000
2.589630	20.834000
2.597950	20.882000
2.606270	20.930000
2.614590	20.977000
2.622910	21.025000
2.631230	21.073000
2.639550	21.120000
2.647870	21.167000
2.656190	21.215000
2.664510	21.262000
2.672830	21.309000
2.681150	21.356000
2.689470	21.403000
2.697790	21.449000
2.706110	21.496000
2.714430	21.542000
2.967080	21.589000
2.975400	21.635000
2.983720	21.681000
2.992040	21.727000
3.000360	21.773000
3.008680	21.819000
3.017000	21.865000
3.025320	21.911000
3.033640	21.957000
3.041960	22.002000
3.050280	22.048000
3.058600	22.093000
3.066920	22.138000
3.075240	22.183000
3.083560	22.228000
3.091880	22.273000
3.100200	22.318000
3.108520	22.363000
3.116840	22.408000
3.125160	22.453000
3.377820	22.497000
3.386140	22.542000
3.394460	22.586000
3.402780	22.630000
3.411100	22.674000
3.419420	22.718000
3.427740	22.762000
3.436060	22.806000
3.444380	22.850000
3.452700	22.894000
3.461020	22.938000
3.469340	22.981000
3.477660	23.025000
3.485980	23.068000
3.494300	23.112000
3.502620	23.155000
3.510940	23.198000
3.519260	23.241000
3.527580	23.284000
3.535900	23.327000
3.788560	23.370000
3.796880	23.413000
3.805200	23.455000
3.813520	23.498000
3.821840	23.541000
3.830160	23.583000
3.838480	23.626000
3.846800	23.668000
3.855120	23.710000
3.863440	23.752000
3.871760	23.794000
3.880080	23.836000
3.888400	23.878000
3.896720	23.920000
3.905040	23.962000
3.913360	24.004000
3.921680	24.045000
3.930000	24.087000
3.938320	24.129000
3.946640	24.170000
4.199300	24.211000
4.207620	24.253000
4.215940	24.294000
4.224260	24.335000
4.232580	24.376000
4.240900	24.417000
4.249220	24.458000
4.257540	24.499000
4.265860	24.540000
4.274180	24.581000
4.282500	24.621000
4.290820	24.662000
4.299140	24.702000
4.307460	24.743000
4.315780	24.783000
4.324100	24.824000
4.332420	24.864000
4.340740	24.904000
4.349060	24.944000
4.357380	24.984000
4.610030	25.024000
4.618350	25.064000
4.626670	25.104000
4.634990	25.144000
4.643310	25.184000
4.651630	25.224000
4.659950	25.263000
4.668270	25.303000
4.676590	25.342000
4.684910	25.382000
4.693230	25.421000
4.701550	25.461000
4.709870	25.500000
4.718190	25.539000
4.726510	25.578000
4.734830	25.617000
4.743150	25.656000
4.751470	25.695000
4.759790	25.734000
4.768110	25.773000
5.020770	25.812000
5.029090	25.851000
5.037410	25.889000
5.045730	25.928000
5.054050	25.967000
5.062370	26.005000
5.070690	26.044000
5.079010	26.082000
5.087330	26.120000
5.095650	26.159000
5.103970	26.197000
5.112290	26.235000
5.120610	26.273000
5.128930	26.311000
5.137250	26.349000
5.145570	26.387000
5.153890	26.425000
5.162210	26.463000
5.170530	26.501000
5.178850	26.538000
5.658850	1.000000
8.410740	2.000000
8.821470	3.000000
8.829790	4.000000
9.232210	5.000000
9.240530	6.000000
9.248850	7.000000
9.257170	8.000000
9.642950	9.000000
9.651270	10.000000
9.659590	11.000000
9.667910	12.000000
9.676230	13.000000
9.684550	14.000000
9.692870	15.000000
9.701190	16.000000
10.053690	17.000000
10.062010	18.000000
10.070330	19.000000
10.078650	20.000000
10.086970	20.050000
10.095290	20.100000
10.103610	20.150000
10.111930	20.199000
10.120250	20.249000
10.128570	20.298000
10.136890	20.347000
10.145210	20.397000
10.153530	20.446000
10.161850	20.494000
10.170170	20.543000
10.178490	20.592000
10.464420	20.641000
10.472740	20.689000
10.481060	20.737000
10.489380	20.786000
10.497700	20.834000
10.506020	20.882000
10.514340	20.930000
10.522660	20.977000
10.530980	21.025000
10.539300	21.073000
10.547620	21.120000
10.555940	21.167000
10.564260	21.215000
10.572580	21.262000
10.580900	21.309000
10.589220	21.356000
10.597540	21.403000
10.605860	21.449000
10.614180	21.496000
10.622500	21.542000
10.875160	21.589000
10.883480	21.635000
10.891800	21.681000
10.900120	21.727000
10.908440	21.773000
10.916760	21.819000
10.925080	21.865000
10.933400	21.911000
10.941720	21.957000
10.950040	22.002000
10.958360	22.048000
10.966680	22.093000
10.975000	22.138000
10.983320	22.183000
10.991640	22.228000
10.999960	22.273000
11.008280	22.318000
11.016600	22.363000
11.024920	22.408000
11.033240	22.453000
11.285900	22.497000
11.294220	22.542000
11.302540	22.586000
11.310860	22.630000
11.319180	22.674000
11.327500	22.718000
11.335820	22.762000
11.344140	22.806000
11.352460	22.850000
11.360780	22.894000
11.369100	22.938000
11.377420	22.981000
11.385740	23.025000
11.394060	23.068000
11.402380	23.112000
11.410700	23.155000
11.419020	23.198000
11.427340	23.241000
11.435660	23.284000
11.443980	23.327000
11.696640	23.370000
11.704960	23.413000
11.713280	23.455000
11.721600	23.498000
11.729920	23.541000
11.738240	23.583000
11.746560	23.626000
11.754880	23.668000
11.763200	23.710000
11.771520	23.752000
11.779840	23.794000
11.788160	23.836000
11.796480	23.878000
11.804800	23.920000
11.813120	23.962000
11.821440	24.004000
11.829760	24.045000
11.838080	24.087000
11.846400	24.129000
11.854720	24.170000
12.107370	24.211000
12.115690	24.253000
12.124010	24.294000
12.132330	24.335000
12.140650	24.376000
12.148970	24.417000
12.157290	24.458000
12.165610	24.499000
12.173930	24.540000
12.182250	24.581000
12.190570	24.621000
12.198890	24.662000
12.207210	24.702000
12.215530	24.743000
12.223850	24.783000
12.232170	24.824000
12.240490	24.864000
12.248810	24.904000
12.257130	24.944000
12.265450	24.984000
12.518110	25.024000
12.526430	25.064000
12.534750	25.104000
12.543070	25.144000
12.551390	25.184000
12.559710	25.224000
12.568030	25.263000
12.576350	25.303000
12.584670	25.342000
12.592990	25.382000
12.603200	25.421000
12.609630	25.461000
12.617950	25.500000
12.626270	25.539000
12.634590	25.578000
12.642910	25.617000
12.651230	25.656000
12.659550	25.695000
12.667870	25.734000
12.676190	25.773000
12.928850	25.812000
12.937170	25.851000
12.945490	25.889000
12.953810	25.928000
12.962130	25.967000
12.970450	26.005000
12.978770	26.044000
12.987090	26.082000
12.995410	26.120000
13.003730	26.159000
13.013940	26.197000
13.022260	26.235000
13.030580	26.273000
13.038900	26.311000
13.047220	26.349000
13.055540	26.387000
13.063860	26.425000
13.072180	26.463000
13.080500	26.501000
13.088820	26.538000
13.339590	26.576000
13.347910	26.614000
13.356230	26.651000
13.364550	26.689000
13.372870	26.726000
13.381190	26.764000
13.389510	26.801000
13.397830	26.838000
13.406150	26.876000
13.414470	26.913000
13.424680	26.950000
13.433000	26.987000
13.441320	27.024000
13.449640	27.061000
13.457960	27.098000
13.466280	27.135000
13.474600	27.172000
13.482920	27.209000
13.491240	27.245000
13.499560	27.282000
13.750320	27.319000
13.758640	27.355000
13.766960	27.392000
13.775280	27.428000
13.783600	27.465000
13.791920	27.501000
13.800240	27.538000
13.808560	27.574000
13.816880	27.610000
13.825200	27.646000
13.835410	27.683000
13.843730	27.719000
13.852050	27.755000
13.860370	27.791000
13.868690	27.827000
13.877010	27.863000
13.885330	27.899000
13.893650	27.934000
13.901970	27.970000
13.910290	28.006000
14.161060	28.042000
14.169380	28.077000
14.177700	28.113000
14.186020	28.149000
14.194340	28.184000
14.202700	28.220000
14.210980	28.255000
14.219300	28.290000
14.227620	28.326000
14.235940	28.361000
14.246150	28.396000
14.254470	28.432000
14.262790	28.467000
14.271110	28.502000
14.279430	28.537000
14.287750	28.572000
14.296070	28.607000
14.304390	28.642000
14.312710	28.677000
14.321030	28.712000
14.761030	1.000000
